Átlagot számolj!

78
867
15
888
888
78
16
14
78
867
15
888
888
78
16
14
78
867
15
888
888
78
16
14
78
867
15
888
888
78
16
14
78
867
15
888
888
78
16
14
78
867
15
888
888
78
16
14
78
867
15
888
888
78
16
14
78
867
15
888
888
78
16
14
78
867
15
888
888
78
16
14
78
867
15
888
888
78
16
14
78
867
15
888
888
78
16
14
78
867
15
888
888
78
16
14
78
867
15
888
888
78
16
14
78
867
15
888
888
78
16
14
78
867
15
888
888
78
16
14
78
867
15
888
888
78
16
14
78
867
15
888
888
78
16
14
78
867
15
888
888
78
16
14
78
867
15
888
888
78
16
14
78
867
15
888
888
78
16
14
78
867
15
888
888
78
16
14
78
867
15
888
888
78
16
14
78
867
15
888
888
78
16
14
78
867
15
888
888
78
16
14
78
867
15
888
888
78
16
14
78
867
15
888
888
78
16
14
78
867
15
888
888
78
16
14
78
867
15
888
888
78
16
14
78
867
15
888
888
78
16
14
78
867
15
888
888
78
16
14
78
867
15
888
888
78
16
14
78
867
15
888
888
78
16
14
78
867
15
888
888
78
16
14
78
867
15
888
888
78
16
14
78
867
15
888
888
78
16
14
78
867
15
888
888
78
16
14
78
867
15
888
888
78
16
14
78
867
15
888
888
78
16
14
78
867
15
888
888
78
16
14
78
867
15
888
888
78
16
14
78
867
15
888
888
78
16
14
78
867
15
888
888
78
16
14
78
867
15
888
888
78
16
14
78
867
15
888
888
78
16
14
78
867
15
888
888
78
16
14
78
867
15
888
888
78
16
14
78
867
15
888
888
78
16
14
78
867
15
888
888
78
16
14
78
867
15
888
888
78
16
14
78
867
15
888
888
78
16
14
78
867
15
888
888
78
16
14
78
867
15
888
888
78
16
14
78
867
15
888
888
78
16
14
78
867
15
888
888
78
16
14
78
867
15
888
888
78
16
14
78
867
15
888
888
78
16
14
78
867
15
888
888
78
16
14
78
867
15
888
888
78
16
14
78
867
15
888
888
78
16
14
78
867
15
888
888
78
16
14
78
867
15
888
888
78
16
14
78
867
15
888
888
78
16
14
78
867
15
888
888
78
16
14
78
867
15
888
888
78
16
14
78
867
15
888
888
78
16
14
78
867
15
888
888
78
16
14
78
867
15
888
888
78
16
14
78
867
15
888
888
78
16
14
78
867
15
888
888
78
16
14
78
867
15
888
888
78
16
14
78
867
15
888
888
78
16
14
78
867
15
888
888
78
16
14
Lorem ipsum
nelflwl
weojfjjfpj
wfpjepfjpj
pjfpjwepfj
j
k
Loremi
k
ll
ipsuml
k